13491312
14135426
14275291
14984637
15356407
15394954
15600527
15751083
15764644
15856366
16256269
17513304
17544524
17800215
17976923
18030431
18166778
18277655
18566912
18696134
18773159
18805303
18909919
18916432
18967498
19139963
19318314
19407835
19739126
19926675
19929362
20015903
20053279
20545793
20552026
22012091
22055226
22509548
22545491
22669526
22812754
23124635
23712174
23976316
24195214
24735461
24745957
24913074
25086658
25781141
26051676
26424123
26574496
26637348
27676828
27789237
28599820
28602948
29450962
29501253
29766367
30216513
31611298
31801993
32010840
33563161
33576489
33655490
33977070
36686040
36948268
37007274
37094727
37920978
38254095
39249305
40302336
41417564
42337890
42481696
48117116
50152441
50452197
51228911
52503751
56864092
58928690
63169388
74198348
74508260
76132891
76452765
78445977
80612021
82453460
84119348
85396297
88806753
90639372
110545675
111635980
112740986
115676070
122174004
124224165
126171100
137794015
138770045
140519774
142419647
148453195
153486399
153944899
155669457
156333623
161411080
161743731
161791703
162069635
163570705
164007407
164369297
168502762
168673083
188019606
190328374
193732179
193872188
196362083
199325935
210926192
211420609
211530910
219429281
221792092
224294785
229197216
231510077
232992031
233693291
233842454
233949261
234014087
234022257
234057152
234469322
234797704
234812598
234822928
235190657
235251868
235312723
235373000
236279233
237299871
237750442
237763317
237814920
237862972
239871673
239949176
240393970
240427862
240760644
240812994
242426145
242772524
242873057
242926427
245451804
246769138
248735463
249288197
249348006
249410485
252249233
252819323
254082173
258900199
267938462
278145569
281540744
295685416
296245061
299883942
303861808
305216911
310310133
312134473
314205957
334245076
344972339
364415553
381152398
384913290
385429543
389840566
404132211
432676344
442824717
462143773
463132556
467823431
479872233
516880804
518644221
550401754
558769636
567508925
581141508
584012853
584912320
605615715
613725908
776664410
787373558
789244177
834069080
912608010
915831762
935033864
935368364
942156122
950328072
950783972
960962340
963480595
975200486
976969338
993153006
995193054
1009269193
1037321378
1045110018
1051127714
1051446626
1055685948
1055730738
1055907624
1058051748
1058345042
1058717720
1058807868
1058917562
1060370282
1060487274
1060984272
1061385474
1065995022
1068499286
1069124515
1071102246
1071840474
1071900114
1072008757
1072467470
1074101017
1074129612
1074412920
1077121945
1077446982
1080509366
1080844782
1083448909
1089334250
1089859058
1092979962
1134292500
1135486501
1137590713
1140648348
1155212191
1155335864
1206227149
1209417007
1222257180
1243902714
1260172386
1262814457
1339931490
1410590874
1499993378
1531521632
1623308912
1849261916
1880674038
1883356866
1908143071
2293131060
2371339658
2382685057
2433737761
2750127259
2852998461
2853309155
2861616083
2862577383
2863006655
2869746172
2914163523
2914515430
2916086925
2929491549
2930635215
2932617195
2933760046
2951574214
2953974395
2962813893
2962868158
2962891515
2963445730
2964287128
2964526557
2964877294
2964949642
2965083477
2966205003
2966570782
2966758114
2966765501
2968007206
2968451607
2970279814
2970462034
2973870195
2974648323
2975091705
2976606250
3018670151
3044993235
3091316093
3122099613
3317799825
3353670647
3686482216
4205133682
4304448314
4433285713
737719829579345920
742735530287304704
750046943905058816
796183515998068736
796736612554117120
797201048490430465
798973032362606600
806583915012046854
806906355214852096
808416682972770304
811632636598910976
811986281177772032
814103950404239360
814179031956488192
815241612154417152
815310506596691968
815733290955112448
815931811348017152
815952318487298048
815966620300480514
815985039485837312
816012124505931780
816030424778543104
816131319033950208
816157667882373120
816181091673448448
816282029276938240
816284664658874368
816298918468259841
816303263586914304
816652616625168388
816705409486618624
816719802328715264
816833925456789505
817050219007328258
817076257770835968
817138492614524928
818460870573441028
818472418620608512
818536152588238849
818554054309715969
818713465653051392
818948638890217473
818975124460335106
823552974253342721
826589191412862976
827279765287559171
828977216595849216
839226269627621376
843636970538618880
854715071116849157
876894308309147650
880480631108644864
882843534750961664
931614483050414080
984456621417000960
996094929733652481
1017819745880543238
1028854804087492613
1039879658400112640
1052896620797460481
1054381765224210432
1061310112013434882
1064595993222615040
1067541214671577093
1067748650485497862
1067818539179024386
1069636653353000962
1072134139560620033
1072158357237174272
1074782372594413569
1075040139351597056
1075205691621720064
1075517806551154689
1075830599007510535
1075904377221722113
1076161611033968640
1078401427347857408
1078692057940742144
1078741899572240384
1078749802765139968
1078771401497161728
1078771848882593793
1079061579973439488
1079104563280527364
1079769536730140672
1079802482640019456
1080191866509901826
1080222360643485698
1080277407867772930
1080292515939565568
1080462532815532032
1080477288955826176
1080485692298444800
1080504024695222273
1080515866255593472
1080539438508400642
1080569698536878081
1080573351914061825
1080574793630527505
1080584229510172678
1080587263132733442
1080695666760929280
1080830346915209216
1080851152151953410
1080854935535800320
1080865917377097728
1080885078425784320
1080891667308298240
1080894931311431682
1080898026418384897
1081222837459996672
1081240074946252801
1081243468327018496
1081312310059253763
1081318716573470720
1081350574589833221
1082086081238102018
1082311988926124036
1082334352711790593
1082369392229400576
1082380458976051202
1082416697380913152
1082427779583541248
1082790600292925440
1083019402046513152
1083125649609506816
1083472286089396224
1086316494450032640
1136060761422405633
1173978070535024642
1176522535531360257
